character type: 1
name: Rogue
pos: 3 16 23
lastPos: 3 17 23
coin: 16897
food capacity: 10000
food: 9754
essentialAttribute: 2
level: 7
exp: 249
levelUpExp: 250
strengthGen: 3
agilityGen: 5
wisdomGen: 2
attribute:
strength: 30
agility: 41
wisdom: 16
maxHealth: 19000
health: 19258
speed: 3000
attack: 1013
diceNum: 3
facet: 5
defense: 5
block: 0
visibleRadius: 10
criticalAttackRate: 17.000000
hitRate: 95.000000
missRate: 20.000000
teleport: 0
gadgets: 7
 1 0 4 0 1 3 3
